65
1647
1742
4526
5150
5434
8374
8968
10789
11410
11776
12503
12983
13683
13725
14101
14152
16589
17171
22996
23857
24077
24407
24478
24781
25469
27769
27791
30437
30477
31550
33158
33307
34548
35135
36017
36346
36917
40607
41439
41526
41683
45506
45854
47432
48219
48321
48386
48829
50495
51601
51983
52233
52519
56542
56940
58602
59300
59800
61970
62709
68073
68443
69002
71121
71202
71869
72852
72872
72883
73044
73250
73779
74043
76093
76784
77626
77718
78175
79986
81122
82008
84761
85994
86120
86555
87493
87624
87936
89177
90596
90986
91546
91561
91630
91862
92301
93252
94081
94766
95237
95853
96373
97205
97738
98460
101813
102198
103362
104061
104330
104666
105466
105579
107409
110217
110440
111184
111713
111893
114640
114785
115942
116032
116056
116463
116965
117303
118185
118601
120995
121814
122112
123340
123762
123969
124450
125192
128042
129144
130014
131105
131517
131810
134542
135522
141572
142525
142788
145083
145831
145867
146205
147192
147310
147366
148721
150463
150943
151807
152599
152822
154145
154488
154488
154652
155618
157366
160258
160908
161105
161563
161776
162129
162275
162970
163118
165241
167064
167671
169117
169546
170118
171889
171975
173177
173712
173901
174231
175524
176698
177018
178388
179016
179100
182748
184018
187205
187709
188463
188636
189798
190025
190176
190853
191140
191963
192467
192926
192965
193332
193721
194058
197282
198596
202083
203301
205099
206120
211117
211596
212236
212550
213030
213670
213911
217553
218011
218508
219102
219401
219418
219723
219965
220724
224293
226132
226649
227960
228486
228741
229237
230348
230591
231136
232821
235987
236605
237761
238721
239026
239426
239778
242130
243334
243850
244773
244817
246835
247928
249055
249155
249423
250405
250709
252947
254631
262871
265074
266371
267341
267838
267924
268346
269900
272037
272229
272842
273707
275828
276150
278503
278560
280237
280691
281208
284438
286362
287227
287793
287861
288468
288761
290566
292131
293253
293712
294176
294390
294737
295090
297387
300670
301575
305161
306023
306425
306992
308518
309147
312159
312841
314640
314905
315071
315979
316006
316327
316345
318311
318587
319457
320462
321033
321203
321583
325108
325822
326483
328907
329309
329710
331319
331447
335750
336464
338334
338488
339168
339243
339333
339887
340677
341478
342189
343826
344055
345686
347855
348730
349506
351174
351737
352014
352263
355199
356694
358597
359747
361216
361792
362142
362299
362787
362825
368392
368841
369488
372187
372190
372813
373205
373901
373986
375506
377044
378725
378977
379393
380081
381045
381831
382605
383177
383641
384111
384386
385871
387287
387969
389802
392153
393105
393921
394483
395931
396839
398270
398473
398716
399223
400953
403116
403332
406434
406754
408239
409332
411423
412762
416733
417153
420346
421024
421780
422428
423628
425418
426456
429497
429533
430144
431062
432676
432790
433158
433761
434844
434928
436486
437375
437609
440393
441508
445108
446079
446954
446995
448136
448420
449770
450136
450189
450719
452593
453616
454008
454091
455134
456846
457169
457221
457434
457742
458533
458831
459099
459108
460158
461147
462282
462419
463367
466114
467395
469278
470263
473271
474910
475723
478257
478831
480697
483102
486044
486591
487115
487516
487726
489599
491985
493206
496061
496550
497460
498447
499026
499872
500376
500840
501224
501494
504724
504927
505405
506692
508287
508528
509224
509572
509808
510472
511320
511685
512309
513409
514968
516864
522327
523483
524191
525078
526263
526752
527464
529990
530882
531799
531853
532690
532963
533596
534473
535849
536986
537046
537058
537065
538560
539153
539716
542827
543618
543654
546139
547167
547332
548415
549037
549778
549922
549977
551087
551152
552214
553941
554282
554718
555442
556258
556345
556781
557208
558014
558823
558957
561365
561564
563456
563733
564976
565603
567459
567937
568655
570970
571796
572695
574122
574812
575427
576955
576963
578893
579220
580220
581075
581233
584020
585844
589376
589705
591883
592342
593761
594416
595280
598181
599076
599571
600222
600405
600660
600902
601234
603246
603642
604269
605554
607544
607614
608477
608892
609099
610388
610434
612342
612500
612805
617821
618272
621459
621907
622726
623390
623683
625037
626608
628143
628619
629272
630061
633282
633827
636115
637927
640733
641186
641504
643033
644272
648320
648367
649743
649861
650372
650448
651175
652154
652825
653284
653415
655580
658874
659462
660109
660550
662197
665030
665310
665747
665988
666093
666127
666211
667716
668488
669691
670171
670543
671909
673001
673125
673184
673416
673479
673651
674299
674784
675297
676114
676135
676183
676215
677873
679814
680328
681069
681431
681459
681620
685529
685967
686560
688135
688559
689910
692545
692780
693414
693665
694880
695212
695408
695559
698147
698874
699881
700090
701001
701986
702717
703514
703923
706443
706638
709364
710241
712003
713015
713298
713917
715826
715946
716469
717232
717893
719098
719099
719559
719751
721920
721977
723891
725225
726223
726434
727464
727585
729302
729983
731306
733369
744977
746519
746540
747906
749414
749590
749799
749952
749952
751320
751335
752469
754872
755030
755119
755353
756072
756426
756494
758230
758257
758826
759528
760048
763258
763491
764363
765273
765508
767948
768678
770479
770496
770615
770793
771039
771471
771511
774166
774352
774540
777318
778250
779243
782947
783898
783941
784128
784636
786323
786679
787204
787805
789033
789437
791342
791543
791889
792455
794370
795566
796630
798317
799435
800433
800926
801461
803232
804262
805448
805943
806093
806301
807265
809876
811982
811999
813342
814483
814602
816684
816821
816835
817397
817767
819171
820678
820713
822090
822104
824450
824830
827188
828060
831260
832217
833194
833399
834221
834752
834849
834940
835036
835716
836471
836896
837977
838814
842914
842982
843006
843131
845701
847087
847162
847443
847715
847877
848525
849000
849594
849939
850905
853940
855174
856680
858708
858788
860463
860777
861880
862110
862883
863481
864169
865501
866217
866248
866285
867187
868698
868974
869717
869865
870648
871696
871829
872146
873389
873753
874128
875612
876846
883141
885014
887131
887231
887660
887966
891489
892696
893181
893576
895957
899599
900367
900720
901646
901688
903369
903525
904159
904828
905301
906733
908721
908736
909130
909774
910260
910893
912114
912255
915177
918571
918751
919168
919813
923523
925160
925270
926830
928736
930483
930754
930920
932731
934303
934439
934604
935438
935782
936144
937712
938504
938937
939135
940296
941811
942800
943317
944043
944510
945402
946008
947600
948767
949911
950563
951451
951662
952351
952559
953687
954465
956212
956397
956685
957358
960639
961056
961946
963059
964121
964308
965842
965972
966235
966272
970660
971669
972109
973578
975972
976102
976322
977404
978845
981017
981558
982737
982998
984876
986301
987764
988541
989113
989601
989652
990063
990780
991792
992261
994202
995827
996697
997121
997952
